19
3 0 3 2
5 1 2 3 4 5
10 10 10 7 6 10 10 999 43 42 442 3 3
3 0 3 1
5 0 2 2 1 4
10 6 3 6 2 6 0 6 1 5 3
10 6 4 3 1 9 1 7 7 4 4
10 3 3 3 3 7 1 9 6 7 8
10 55 65 34 20 75 24 41 93 7 2
100 3 6 8 2 5 5 7 4 6 0 6 0 2 0 5 9 6 4 9 8 6 8 2 0 3 4 4 9 7 6 0 6 5 7 2 8 6 3 4 4 0 9 7 6 5 4 8 4 8 4 2 6 5 0 6 7 9 2 4 4 7 5 5 4 2 6 7 3 5 1 7 3 9 1 9 3 8 0 8 0 0 1 1 9 1 1 7 8 2 4 8 4 4 8 6 2 1 9 1 3
100 81 35 70 7 88 3 43 93 45 4 32 99 43 78 58 58 17 74 81 73 22 12 35 48 78 39 55 57 86 21 1 70 3 75 31 49 80 12 55 6 20 76 35 25 42 72 50 41 48 42 27 50 17 62 70 85 18 75 27 87 1 60 61 95 87 38 38 65 53 14 35 48 48 26 7 24 73 65 42 78 73 42 22 66 33 92 94 30 31 80 95 13 81 52 84 62 51 47 25 79
100 85 96 91 24 15 94 64 35 36 38 91 12 4 52 93 12 53 87 85 87 30 92 57 85 21 33 19 32 99 3 90 24 40 44 54 17 32 37 73 33 9 87 71 32 29 23 24 1 77 16 92 10 58 91 84 21 60 26 15 80 14 39 73 64 30 15 62 95 15 84 54 79 39 10 5 41 26 16 27 48 71 27 31 48 96 99 78 88 65 21 25 39 77 12 11 61 88 79 85 12
1000 52 37 72 72 71 38 30 81 50 95 48 67 58 2 88 77 93 43 42 91 8 78 66 72 49 30 12 85 77 24 72 54 23 95 84 5 73 49 99 2 25 51 60 28 19 7 66 64 26 20 38 95 16 84 72 13 28 67 20 50 45 62 45 88 63 36 51 74 22 41 96 23 11 54 97 60 28 3 75 87 19 63 36 81 99 96 82 21 30 24 77 7 11 14 0 56 56 77 31 19 62 9 36 74 97 32 86 4 66 35 65 93 30 53 87 3 47 92 38 55 43 32 95 14 12 56 43 63 9 42 2 91 91 16 8 90 3 59 83 94 89 25 99 11 91 92 28 6 98 53 6 10 31 10 38 13 45 0 14 88 12 88 18 63 28 54 80 77 26 3 8 32 65 30 4 79 91 16 17 57 76 65 91 70 6 95 4 83 87 40 34 49 20 56 79 54 99 27 80 13 88 60 68 7 38 10 59 73 77 47 26 84 6 11 16 69 58 23 34 64 53 39 84 94 46 37 61 52 28 82 96 88 89 56 96 75 7 75 10 12 35 6 20 54 84 83 60 62 67 97 78 24 67 93 70 6 36 30 24 46 17 29 68 52 19 69 36 11 15 24 65 10 37 97 96 81 61 75 20 34 31 51 75 70 80 77 69 43 45 66 96 78 87 58 29 4 75 3 6 86 99 94 87 74 97 56 84 87 87 43 51 34 85 82 40 4 7 59 51 27 75 70 39 22 64 33 56 76 29 49 33 13 66 2 41 20 58 57 37 81 39 38 14 79 56 60 81 66 53 71 32 43 19 17 23 19 76 53 93 6 63 12 30 20 65 82 3 22 57 46 83 59 90 32 32 53 46 23 42 67 93 23 69 47 40 87 68 2 95 79 67 63 21 6 2 42 60 3 56 16 96 43 64 85 23 81 79 1 19 96 2 29 18 0 13 16 5 99 53 10 74 71 48 90 20 32 51 95 16 45 9 58 9 94 20 61 37 42 17 55 12 61 78 80 53 75 54 42 43 86 9 1 96 68 48 95 25 86 55 24 82 84 51 98 19 91 86 37 43 98 80 16 0 24 85 16 47 41 21 50 79 92 65 1 77 33 57 41 60 32 29 67 48 66 38 77 51 46 85 24 6 56 73 90 81 87 82 96 61 98 13 23 37 84 49 18 87 31 98 54 16 62 34 89 31 53 66 63 14 71 15 52 58 44 49 78 35 77 29 25 7 82 59 28 37 41 99 35 91 79 77 70 70 22 48 80 19 57 41 7 25 92 2 98 60 61 94 18 33 21 51 19 64 57 52 62 62 16 39 49 75 68 83 31 91 59 59 20 81 57 78 24 63 7 41 65 58 49 3 89 68 43 83 18 37 31 5 86 85 80 42 23 27 43 53 94 64 78 76 80 79 58 88 74 66 30 3 75 54 40 90 86 85 55 74 28 28 78 94 18 21 43 91 63 56 51 20 39 51 69 85 7 88 1 33 64 91 39 97 7 6 29 91 32 14 22 93 53 22 24 29 1 65 52 45 63 20 24 56 82 74 41 71 95 36 20 96 7 80 0 30 25 5 82 23 88 75 21 28 46 64 3 0 6 6 76 68 60 26 1 83 81 79 26 93 74 71 19 81 79 88 22 95 71 68 59 92 72 75 59 4 73 78 21 19 25 56 1 81 46 8 20 47 10 29 11 76 97 79 28 88 2 37 51 59 63 12 33 57 33 49 4 46 60 16 48 49 38 7 99 52 88 30 99 5 15 5 6 63 4 85 0 30 40 30 74 25 61 0 19 8 39 33 33 62 38 73 19 47 81 65 66 84 2 94 46 26 19 66 36 67 87 82 7 50 10 98 31 23 44 83 67 4 15 87 89 44 15 26 21 60 67 15 44 86 80 93 8 78 57 48 17 63 57 19 11 41 54 72 74 97 17 40 74 55 66 7 36 2 57 62 29 14 37 79 58 28 76 37 38 3 33 85 26 88 61 19 83 72 10 60 54 44 34 78 94 8 61 8 6 82 6 21 15 71 62 94 80 9 9 33 92 97 37 65 67 60 49 50 56 75 59 93 44 83 52 80 76 56 53 38 43 12 62 57 90 83 28 91 37 13 55 18 92 7 4 80 48 83 1 30 20 61 83 62 8 68 38 22 88 57 47 5 68 22 3 72 46 76 9 37 75 77 40 13 74 61 5 94 55 76 43 83 11 62 5 7 69 27 79 33 0 42 68 95 73 83 13 59 70 58 42 60 59 46 52 25 22 7 55
1000 29 199 66 545 92 79 550 552 630 525 194 377 197 453 376 554 262 124 408 691 373 592 626 318 158 602 162 56 509 116 425 197 321 359 413 101 127 55 305 309 508 81 512 156 498 127 678 596 558 414 73 327 186 374 239 355 193 174 407 68 658 154 452 481 598 429 566 317 260 488 428 127 502 39 277 265 651 260 685 74 684 589 103 334 673 469 679 173 611 242 33 402 204 9 608 644 12 29 469 672 357 650 438 421 104 284 111 669 144 683 344 274 198 443 192 513 71 441 424 30 194 35 184 208 459 169 306 156 424 142 628 69 335 392 44 681 57 254 673 155 572 484 443 174 60 395 188 11 505 623 159 101 685 546 51 29 413 657 62 434 432 93 513 235 340 673 667 270 396 678 210 479 310 187 671 264 40 291 510 691 629 92 481 510 1 651 630 402 647 21 249 485 192 608 625 341 655 378 696 449 250 498 661 292 24 581 130 687 585 611 443 626 479 393 470 330 219 382 247 417 594 30 241 600 652 443 510 80 591 391 88 149 599 375 648 323 678 47 63 499 572 238 127 410 343 216 695 260 492 427 633 240 216 288 221 552 202 394 246 641 500 306 370 146 674 338 285 64 627 611 91 103 18 447 162 627 222 58 113 229 628 12 303 333 477 641 428 406 431 473 176 331 346 383 258 649 464 288 210 393 353 309 167 222 600 640 117 202 252 64 447 244 81 524 209 39 34 639 272 9 601 202 372 79 473 692 221 319 109 27 118 551 119 563 160 497 273 262 175 506 253 163 151 339 148 643 414 488 289 409 446 193 652 691 112 431 32 579 614 30 346 582 547 152 407 382 672 331 94 11 324 449 201 282 398 561 147 626 554 13 568 180 234 475 469 262 493 626 27 190 363 492 568 354 80 669 294 435 62 339 339 205 191 493 134 485 473 277 179 321 299 376 119 433 573 195 424 62 293 79 289 331 649 512 369 162 637 127 265 467 68 558 248 503 546 360 370 497 263 684 410 408 407 169 212 182 606 309 222 217 596 90 188 11 422 462 81 217 155 121 624 18 444 15 638 311 668 689 59 341 167 604 252 409 86 135 518 235 366 435 592 408 631 310 108 145 425 647 394 466 521 670 505 468 266 498 617 647 516 51 541 302 688 294 405 70 104 650 197 299 558 536 266 301 113 349 397 340 24 360 195 423 397 679 535 180 223 523 316 157 109 219 185 59 646 302 591 248 506 471 450 648 253 268 459 295 378 560 445 641 114 268 457 243 107 347 258 392 578 133 222 604 350 554 218 254 51 351 166 336 637 27 307 26 146 397 136 96 170 571 662 11 451 21 153 198 116 266 409 173 186 529 564 4 209 217 655 443 351 690 155 344 400 190 574 179 649 282 194 125 279 647 361 440 431 346 16 540 198 327 53 434 566 506 269 34 361 345 187 435 433 137 83 97 559 86 374 79 491 104 4 326 493 480 343 90 317 477 365 213 65 622 73 167 35 431 17 323 447 682 387 666 613 269 296 22 622 178 255 623 102 383 695 588 261 376 571 603 214 284 111 544 481 396 550 97 395 52 218 355 232 658 154 452 288 186 372 675 473 555 505 37 492 211 171 276 200 398 484 461 79 473 567 309 318 324 252 57 243 139 303 587 677 151 332 601 646 99 131 275 644 608 459 136 482 580 686 475 548 399 112 513 197 301 163 538 251 496 683 210 174 339 234 168 266 408 653 485 298 265 423 380 191 600 478 329 534 161 581 27 442 197 73 358 541 145 36 424 610 4 169 231 284 437 615 198 395 325 54 206 516 440 621 154 687 521 630 240 567 560 308 301 84 211 381 444 155 489 406 468 302 648 133 557 243 212 400 189 194 377 231 202 472 73 687 680 609 289 164 573 23 193 634 465 686 434 664 393 23 105 624 464 278 127 575 333 614 545 379 104 107 560 209 627 482 246 46 608 260 107 487 185 189 47 402 646 427 426 306 241 420 227 4 184 218 336 460 298 7 162 661 169 84 493 651 502 465 619 617 428 631 350 468 94 259 494 522 35 549 568 261 78 179 131 234 493 307 32 358 148 605 209 282 436 638 672 253 103 365 421 630 644 96 394 451 40 560 406 403 337 110 61 554 151 87 655 526 213 15 533 480 629 471 46 357 281 520 658 55 482 339 226 320 670 54 77 440 284 553 412 665 613 483 311 76 130 446 570 416 278 269 123 370 638 3 201 434 668 446 354 183 306 51 128 594 154 102 514 60 335 116 166 252 165 362 334 231 412 399 614
10000 6550 872 4447 1684 962 927 5571 4719 1224 5527 6081 5555 6797 4547 6956 865 2959 2422 3162 1415 3406 1269 4592 674 295 511 6659 2167 6530 632 934 1161 5726 5680 5048 3194 3100 1573 5822 3209 6071 2407 4361 2348 4524 6612 749 4606 4628 4746 5668 68 2627 6639 1938 3792 4195 4321 5705 4402 2250 5529 6889 6782 6810 6327 5015 1286 640 4585 1273 4696 3282 5691 5310 4580 5891 4976 2518 3188 3543 965 4904 2571 1015 4408 900 420 2169 4978 3223 3439 3833 2892 2287 1139 3120 4152 5776 176 5299 4697 3934 1010 3262 5501 6426 1373 193 3263 5775 5302 3036 5315 6076 5485 31 5311 5740 2478 6899 2980 6919 4835 6321 4954 6201 2492 5657 5045 4437 1316 1647 5447 1513 2300 5047 6766 4658 6623 5721 4024 1084 511 5835 4470 6799 478 6765 398 880 6631 137 2171 2102 4882 377 6834 400 3675 2417 1682 815 5266 3818 4346 2359 1926 218 2889 3970 3801 4551 6023 4434 2874 206 6947 304 1706 2260 2517 82 4337 3919 4700 3451 30 58 6108 123 6926 4586 3660 4284 4566 1815 1488 2358 1417 2096 1704 6708 261 1358 2343 1129 3231 212 1798 6036 6912 2930 550 1149 4176 450 6739 1683 978 3406 5748 6068 4822 5216 4459 513 2634 1787 409 4209 3807 680 977 5237 5150 1158 5376 1162 1007 2546 5289 1619 3749 6925 4374 5590 5218 2712 14 5289 4108 5338 5209 3260 5813 698 6003 4307 5217 1807 915 1084 3981 136 3216 73 4827 1868 3091 6014 883 3885 3653 2339 4767 2374 1957 4907 2428 3789 5780 6406 5803 1657 4412 5035 4525 281 1279 5799 6009 816 6039 5082 190 999 4651 3765 3492 3823 5882 5222 1544 4391 1478 4439 4508 1168 2177 874 1260 3996 5034 2412 4559 4760 3562 405 3841 590 6388 4249 2098 3522 2956 5262 1772 3061 3440 6995 5638 548 784 1275 3491 3869 4877 5711 4171 1175 3407 6349 500 839 1637 5891 2190 4434 1634 6653 1230 437 1146 4821 3047 85 1288 4985 5429 6089 5907 688 4769 957 2196 6188 5648 3735 1706 2835 6551 3286 4253 6280 1442 4776 3319 3831 2461 505 6260 5592 6464 4555 2168 250 1866 2427 1745 5132 4768 6461 4993 222 191 1674 1940 3749 2835 2834 389 2416 1690 3111 3965 835 5288 3471 6973 5732 3049 5076 6822 6024 3807 5056 3715 4726 1688 6989 3135 755 2646 4217 1864 3155 268 3004 1616 6425 3679 2381 6609 2097 4499 5694 6056 5351 2677 6256 4170 1713 5641 3939 209 237 4057 1263 5514 1496 3063 74 3494 2365 4025 4975 6329 5883 6878 5294 4053 2042 1186 2503 832 2758 1488 3737 4140 2744 2871 6966 4332 6455 6519 2887 1228 2151 5103 5168 1787 4538 3882 40 5785 4625 5316 3724 6084 3989 1977 848 2597 2799 5090 1280 1630 3092 4817 6278 5894 4791 1320 3437 4462 3305 2362 239 6003 6751 2653 1958 4921 6321 3168 1762 5461 6096 4741 6086 3981 2985 1558 2310 1636 5525 457 4666 5678 6434 384 1070 6893 3339 4909 5128 2553 2910 308 2589 562 6023 4346 1701 6032 99 6644 4283 6230 5672 5342 6924 594 6371 4532 6354 5527 6046 4316 2407 4314 2852 5920 5013 5560 2632 4017 168 5625 1747 6962 5335 4018 6332 6096 4856 2411 2209 1298 5242 4456 4496 2307 3329 3074 4332 5050 5547 3502 5573 4660 3099 6357 1622 3230 6046 6328 6668 101 6506 5611 4890 2304 1855 3234 2516 2928 2701 6178 6737 3350 2264 5337 5170 5029 631 62 1558 611 4453 6311 5159 688 1596 2698 580 6094 146 815 5053 3013 6537 1114 5994 575 6377 5103 3551 3825 4926 2903 483 4050 65 5894 4180 780 3430 4982 6038 916 3944 6064 24 2785 2872 5073 4038 2473 4561 4531 4081 2362 615 4293 4457 4449 1853 3214 1697 15 3982 4541 826 4184 1916 6363 1418 5654 1541 6866 3311 2331 1720 4289 2355 471 6758 682 3346 4002 1295 4533 4790 4608 1655 3800 1122 1823 4071 3706 3315 6532 256 5754 3912 2756 897 801 4414 6964 4898 5612 6966 5508 3310 548 4778 6777 1313 4953 5047 6351 2593 2103 4332 4632 6296 1466 1537 3359 563 4741 2052 5981 985 2970 5187 3644 2905 4938 5209 5590 1323 5517 1152 4495 2363 6788 5874 6771 6637 2780 5210 183 5753 4716 371 489 3688 4840 3907 3107 379 5306 1626 4306 877 2724 748 5941 2845 3143 630 5821 4879 2768 5899 4716 5250 559 5897 910 1678 851 623 628 2845 421 2640 1803 2078 48 6175 5762 5891 3088 2099 5055 6148 6222 6849 2256 4243 4357 2852 1075 5006 2309 6287 4503 4976 6462 2254 4403 1942 2987 3335 1295 3176 2935 2115 6637 2194 4997 4333 6286 2534 3129 5795 4604 1826 3321 6612 3091 1747 3935 352 2084 6899 5465 4870 367 2685 2466 780 1187 4304 1331 3192 3605 3330 740 2411 3400 2694 6487 4032 1670 5574 495 3932 3055 1176 2114 4538 1992 3095 4954 3274 3491 4858 966 1957 181 725 1732 3750 6584 5294 1951 130 1076 3663 4701 5459 3515 4549 3407 1184 3045 2141 2702 4070 5336 3790 3280 1699 3422 1345 2986 667 2512 2912 4986 2206 2126 6880 3590 1552 6490 3589 1430 171 6740 5869 2864 2740 5882 6676 5369 5920 5450 5860 1772 2964 1453 5184 4761 254 6388 1091 5047 1020 2936 6784 3897 5289 696 1515 1840 5896 2782 1687 720 6397 645 3603 5386 2312 5493 2303 2754 2488 6091 2484 4218 1887 4012 2201 2444 6493 1277 3305 5033 2398 5895 4433 1283 3485 3138 18 3660 2511 3453 2791 598 744 5897 3325 3174 5547 3512 2827 705 5284 4302 120 5917 5535 1984 6242 1237 3585 6952 3285 4617 2296 5469 5794 3512 6067 4683 6647 1567 2829 6660 4235 222 5932 4710 2609 5606 4102 3159 984 6889 2919 4112 5315 380 5764 3052 4837 1567 407 134 2914 6302 3454 3351 576 5745 6496 6413 5744 5606 691 1835 3402 6962 6316 675 2212 5355 770 2440 6572 636 1824 1646 5861 6328 2584 4100 6769 2619 80 5548 6283 4712 4624 1466 3496 2503 6068 6516 659 6888 4468 1885 6988 3463 2540 5311 1169 5125 6278 3890 2268 2507 1797 6441 788 5218 699 1330 1030 3526 600 45 1061 3324 6155 5730 1384 1679 107 3549 4891 5450 3317 6213 6789 785 4347 5629 633 3822 2487 6159 5032 5073 4683 1847 4893 4892 2133 372 951 6872 6261 4911 2979 700 4474 3533 3238 6292 6829 3527 5687 3165 3726 3405 2497 707 6850 1882 3453 1869 4307 2866 6642 4075 2505 3062 5901 1074 6962 584 1646 2220 4941 4358 936 333 1613 6605 2784 1971 6044 660 5632 5159 5791 2960 6409 1729 6912 6685 4782 3203 6443 3752 5308 1022 4853 1923 5220 2950 814 1569 6034 2032 4115 3465 54 6513 6871 5648 1855 2379 1848 4897 602 658 673 1357 4167 484 5098 3361 2355 1913 1286 4453 5262 5474 4309 1520 1208 3638 711 5937 638 4080 5763 6206 6809 1508 1768 2509 3699 2521 1425 3065 6207 242 4081 3189 4813 4158 587 3126 1430 2080 353 3284 671 2540 1743 4999 4003 3413 6023 4211 5 1997 6682 6985 4497 491 3298 6192 2217 505 2257 5564 1539 4053 2754 5111 133 3999 3189 905 3460 3772 6781 5731 3744 4772 914 5610 1107 1383 6369 4630 5203 2711 4045 3516 6185 70 4752 6207 6799 4350 2131 5805 5689 2329 3840 5829 153 2748 3976 5716 3898 2763 5023 6029 3809 6830 5968 347 4100 5967 5570 4562 5339 4335 3697 2540 5838 264 5507 1800 561 2397 6744 965 3375 3444 5865 3371 4777 4306 1500 2904 1611 6700 3289 688 584 3869 2033 3964 1989 5073 1369 673 4115 6944 5179 3476 4332 2583 5887 2796 1537 5082 2732 5900 2282 4139 628 2326 4461 6179 1877 1192 4705 3378 221 1648 4458 6199 1040 1999 5967 6615 5037 4843 338 5667 5929 3058 2014 4921 6450 1110 3661 2707 6268 5108 2028 2899 2065 6135 2526 4372 1874 1818 1058 400 814 6750 6458 6296 6410 1530 988 4025 2218 1199 3304 585 1528 5256 211 1432 6291 718 1668 396 5794 182 6565 4578 3340 3665 5649 5857 5788 2082 4118 2175 3029 4184 5371 5563 2338 4992 2903 494 1323 5092 5758 2593 6925 3971 2448 1201 2288 4278 5858 1345 1190 6060 4897 141 5216 125 5943 4780 649 1001 3400 6022 1471 3651 4883 5450 2291 2946 570 5818 576 1324 1791 1767 5733 3488 3985 5490 283 58 5771 1888 6472 2107 4968 1074 6862 206 234 4836 1045 760 4503 3227 6285 2851 267 4501 3741 5634 3531 6896 79 239 6205 5427 6567 1348 4909 2537 1262 1811 3434 4740 1976 83 5304 1705 278 635 4764 4826 4299 2906 3767 6341 3167 3421 1037 5407 290 680 5562 4863 4711 3469 1834 4648 1858 4481 3374 2706 1097 3502 1087 576 4975 3254 1593 6842 6248 281 3565 5671 975 2677 542 3364 1086 5094 3783 5673 1527 1561 299 1163 1019 1706 2247 3654 5523 892 1094 1502 1299 5022 1919 2732 5548 2428 4832 5363 5262 2739 2525 2491 1904 5489 6116 4957 1529 1951 298 4068 4242 2399 514 4949 6759 3461 2125 1414 2337 6752 1028 3365 5205 961 927 566 2516 507 2847 4518 4844 2820 6604 4372 5546 4299 1337 6261 6172 4642 5356 4389 2439 3757 1270 3933 4406 2966 6838 1031 597 3090 6202 3470 819 4383 1217 1121 6631 2526 5186 626 65 2905 2410 1279 2392 962 4388 4402 5399 5444 154 3691 1714 1944 4489 25 4284 3764 4591 6088 3394 3402 3229 5505 5236 4147 3161 2137 1611 4898 2679 3382 2034 6513 1744 1880 5741 4249 2518 852 3182 4535 2704 2316 1628 2513 2675 3400 896 2701 5869 4556 6422 41 5571 5407 4987 5702 4081 4009 453 1166 2892 2980 3621 404 1331 999 5231 6101 1538 6276 892 114 6688 4156 6228 1138 6572 246 3199 5475 5549 1020 2068 5723 913 3934 4195 1069 440 3263 1358 2628 593 2495 1781 6548 4666 6128 2297 3053 4100 1056 3300 1555 1833 2104 2966 5914 3436 2263 3565 6134 6611 5024 6247 4356 5351 4028 1261 4510 2131 2438 3814 3076 2939 6937 1415 3551 1887 2793 5432 6766 4195 1242 2705 1298 4565 1500 995 1468 1245 1182 3049 6318 4184 3282 6046 4840 1733 735 5703 2658 6931 4627 3752 3855 4208 881 5186 3688 2058 5892 1587 4580 4996 5459 2731 4073 4364 1609 787 6957 1428 3997 6747 6811 3845 2132 3477 5938 3077 1483 1314 6477 4303 2483 5963 5473 2476 5033 82 3766 6844 3998 4063 2933 1469 6405 5947 6901 3313 2006 1987 2808 406 5831 5305 2338 3301 5565 4914 2065 1121 6504 5785 1114 5352 2752 3589 94 5884 2864 6456 2708 4316 4447 4987 3357 6164 6821 982 2770 6000 6876 6635 4875 2245 2212 6697 624 5797 6524 2796 6256 4280 825 5447 423 2144 1267 2735 5839 4080 2998 4406 2749 1145 3712 6269 2904 5551 4595 4607 2685 6839 6177 3302 647 5041 3933 4111 6481 6697 2269 3299 3706 6406 5523 360 66 1464 205 3112 6829 1119 397 6173 854 5811 4710 677 4968 5291 3210 6985 2614 597 4696 5396 798 1031 3518 2304 6478 1417 5643 1938 3798 6069 3937 1617 1759 6745 5163 1386 6481 5015 4075 1136 3359 5208 5478 3204 3959 1280 4528 5376 4335 269 1428 743 3914 6057 6938 1479 2110 5556 2021 5203 5191 3026 1182 3139 997 115 5597 5450 3389 5562 2351 5942 6723 2558 5354 5839 3294 3398 6340 1044 2113 4885 6964 2109 1420 4008 2932 4537 173 6920 1850 5987 3477 5397 1392 3229 3879 3163 3173 2843 3210 5397 2760 4581 566 415 1361 6299 1415 3845 1799 3319 515 3839 3383 4297 1787 426 3333 3392 1848 1461 1836 5596 659 6332 767 1917 5546 270 2562 6261 2206 3634 4503 2350 5877 261 6039 313 756 5211 3699 4239 4966 1285 2545 2622 1621 90 5471 757 6698 4902 1524 1416 1824 4423 2304 1795 3619 5357 5497 4270 804 2070 4204 6478 2545 2080 1416 628 1848 3082 5685 3831 5305 551 2023 77 2035 6774 6200 2994 6419 4531 5860 2319 5864 5123 3843 3491 4260 2901 1314 1188 2856 4698 251 4748 1167 5540 6973 6861 4992 5257 322 4697 3089 5545 1102 2421 2106 1989 1205 6800 4662 4057 5269 6552 6250 4031 1276 2644 6272 1246 6073 4201 3299 6501 241 1911 120 2116 785 1889 5131 3910 3294 1848 3030 5752 6937 1027 4935 4382 158 5141 6602 5654 878 613 4029 3481 1074 1885 6998 4892 4301 1051 4875 3600 678 2518 2221 277 4561 4399 6373 5355 650 3945 1396 4294 3235 543 321 543 1358 1573 3989 4833 5293 941 3353 4815 1110 4660 4341 2402 1979 4000 2447 4112 3728 5574 6671 567 19 3394 3532 6154 1463 4186 2908 4817 4907 3697 423 3163 60 3638 452 3075 3236 948 6603 6026 688 6883 742 3687 1811 2185 758 5651 3718 417 6538 4161 1057 3406 6806 436 6545 5641 5460 4679 5217 6919 2739 2203 6849 6385 1136 291 3844 3925 249 4160 6028 6216 1559 2231 6958 6380 2644 3086 1710 4235 4823 3603 1277 2212 2931 6917 3127 1363 5161 4334 155 840 6337 4611 2687 3168 3403 6246 1273 3643 1442 4227 342 6667 3055 733 6181 4849 4197 2589 153 4621 4158 5477 652 401 1221 6661 6335 673 1674 2236 3958 4295 497 4847 2989 6611 3853 2312 3428 2045 1854 2779 1090 29 4542 1567 937 6281 765 1857 813 919 4305 241 6764 1348 11 5782 1218 752 2774 6538 1970 5365 87 6299 848 4480 4437 5411 854 1022 6654 46 1786 297 6907 1751 4423 1144 6364 6014 388 2264 6930 509 6243 3717 767 2911 4755 1292 3250 4474 2176 6860 2683 849 1926 3007 5839 4609 6792 5213 2725 5073 2568 146 2443 5687 1913 3941 334 223 3802 1322 918 4249 5981 1254 6127 1207 2700 1105 4520 4011 4319 1322 4244 5495 5515 6834 5493 2592 5835 2895 3000 4194 6002 5368 5349 2139 2518 2191 4387 3116 5136 3871 4186 2794 992 6258 3173 6854 5996 1348 1989 1940 4724 6235 2641 4617 5276 1600 203 6322 6947 3807 5443 2141 1660 3354 2287 3547 6564 3525 1412 297 3103 3057 5807 381 6265 2860 1439 1060 1159 1857 3131 5213 3125 249 3134 2663 5773 4163 4530 1515 4166 802 2609 1558 4130 5077 3974 1913 6921 6300 1723 4072 6600 1679 3403 415 3274 810 3903 207 1408 6626 3200 3470 2218 1543 5751 4423 3994 5951 3453 6503 6508 927 4853 4364 6976 5587 6167 6310 524 282 5374 2644 4041 1784 4293 6970 4739 5583 6084 4335 6328 6808 6242 5437 1103 1050 5293 3617 4030 6405 1541 4399 4348 510 1177 3297 2114 4924 4558 6708 3411 6606 4496 2337 4958 1948 6051 38 4174 5281 6355 1589 101 4038 3626 441 4510 2486 375 73 1972 3699 5717 5199 3172 2703 831 6714 5348 5489 3141 1817 3833 806 2457 5589 827 1349 3609 2302 3818 1517 2706 6389 6849 3062 4642 3108 3044 251 1341 1714 3976 3342 5711 525 484 6669 4354 1957 1600 2124 4771 3689 5487 1485 6490 270 1097 6002 6675 596 5465 6306 6546 5392 247 886 3145 1118 1651 5224 2201 4177 3838 5201 3232 889 6378 6856 557 3926 4916 4777 2682 3384 4856 2764 5534 4210 1098 1863 5452 2169 4754 1152 6331 1313 1182 5215 6121 2858 1578 5456 754 5028 1273 5252 2580 2749 6109 6946 2940 5922 3421 3182 1109 3277 4632 5685 1362 1247 6975 3527 1870 4033 3637 1235 4090 4 2512 1751 2036 1849 3463 5758 6770 2398 96 1122 1983 1359 2618 5890 3556 6296 361 5488 2841 447 5389 1897 1112 188 371 6903 3584 1940 4218 459 3421 6235 2587 6171 1370 4113 5658 4827 1653 4191 3177 6326 672 2062 4361 2491 1323 5740 2348 4869 588 150 67 4409 5885 5723 3533 3803 2592 4302 6104 53 216 3652 501 2900 3468 3447 4350 2733 6772 6986 962 6546 4087 3655 4604 4051 6354 3710 6368 5775 4454 1485 6748 1072 5260 1501 710 4198 6742 2852 4838 6841 191 6637 2585 3247 6683 2681 6791 1782 4322 6437 3252 140 6953 5613 6640 748 1876 2920 212 4715 6835 5064 4126 8 6174 913 2691 3560 2455 6443 2935 3254 1189 2874 4499 554 222 467 1111 2921 2739 3006 2826 2456 4118 6698 2864 4716 4641 2348 143 2467 243 1853 50 1929 33 5381 1724 6895 379 3096 4674 2842 5352 589 5824 1379 1413 248 1360 3629 4930 3115 461 2954 4707 1524 6668 2217 53 3236 3782 6441 5178 1027 6945 2857 6594 695 6758 4804 5687 6947 2825 2890 619 5638 319 766 4283 704 4395 4979 460 3880 4568 2133 1415 6143 5877 3129 3318 5079 501 4521 2569 1479 2392 3278 480 3162 2191 1478 1834 136 94 1823 426 6559 6552 4169 5227 6332 5010 6771 4898 6164 3016 6541 898 4541 2300 3663 1610 450 6968 2978 1381 1052 4987 1753 3525 1031 3071 4429 954 3793 5287 415 5663 4574 120 5546 1854 6796 4794 4685 6352 1538 150 1782 5665 6662 5417 1342 930 33 5783 3192 2545 2737 5668 2451 1846 6614 6328 5689 4978 2003 818 4339 4465 18 6295 6454 3613 5016 5061 5896 4515 6030 4683 6790 533 1192 1371 2134 3141 4472 6962 6197 1141 6585 2080 6305 4865 6569 4141 2841 3905 1501 4808 717 6169 185 3416 206 3837 1216 2232 3376 2410 5020 4439 3552 1114 4584 3299 1016 633 1409 813 3692 6613 4446 6984 2385 4394 4850 5227 2597 3810 5112 4955 3982 6862 1895 2331 1399 556 3070 1298 6242 2770 3528 3152 527 6098 5792 2177 2709 6233 3049 1437 5595 2451 381 5371 6073 2060 2125 762 2917 6691 5077 761 1472 6879 2876 2398 3629 2482 2183 1625 3346 783 493 5826 5735 3226 6986 5018 309 3056 4200 2849 6785 2936 6525 2300 2311 4313 2420 3500 6516 4332 801 4296 5998 31 1828 3492 6038 226 5345 3610 2167 5041 1306 6087 3285 5829 5933 5527 4301 6691 2565 1211 1186 4380 5153 4174 1678 6341 2159 5928 4660 14 3520 6508 928 341 3318 1899 3787 94 4008 2201 6236 6174 5616 3406 5320 5832 3077 1681 456 4345 6978 3069 2704 4379 4303 4081 5673 6632 5694 2671 5655 720 1162 4859 2659 2515 6176 584 1064 5173 4693 6610 6908 3340 4179 663 4046 5229 5598 67 2810 6664 1558 6093 1133 4541 2961 2999 528 3267 138 3113 1613 4860 3937 1948 841 5756 1759 6571 1786 6040 5771 6055 5635 404 6981 2968 97 3631 342 4460 647 1661 5085 6556 4672 4107 896 3079 3504 6204 6985 6361 3962 5148 5843 4786 945 1833 3039 2185 1147 702 5464 4748 1383 222 6088 3321 5586 4427 1170 5499 5416 5704 5540 6938 747 1812 6602 677 6017 5056 1733 2671 526 6086 6056 1585 2069 5811 2388 6369 3543 5189 602 6939 1430 1966 1114 4590 6001 5514 1698 5991 6820 777 3552 2340 615 6268 516 3597 2985 570 1962 3358 4166 392 6002 1245 6422 4993 2768 6093 1626 1016 4444 6211 6875 2348 2157 1265 4846 1901 5539 2329 95 1235 4277 5206 2577 3970 2970 1433 4715 1186 945 1091 2398 1663 600 5550 207 3861 3008 1798 2209 5466 6946 2775 6020 4840 3923 2041 4321 3412 6263 6688 3243 700 6405 567 3641 1440 1074 3950 5736 123 6282 4502 5676 708 6419 3254 2604 3302 3731 4613 3031 3552 2296 1413 58 322 6873 918 2801 5052 6791 1287 1487 3292 6514 738 3560 1354 3485 795 2890 985 2829 3813 3303 5855 6857 1456 4421 6577 224 6834 4738 3336 3625 3057 2503 5981 3564 4867 6942 5956 1071 3810 5278 452 6165 2411 4252 5288 6762 1924 6147 1595 39 2375 3709 3601 1992 4409 535 0 2259 886 1735 254 5272 2998 832 2673 3655 6658 1509 2703 6434 5581 4494 4751 6290 1777 1790 5630 6885 5983 4546 474 6393 6759 2086 781 2668 4933 4690 4885 2238 6964 96 753 2826 4221 5489 2681 6688 4727 2725 3227 3103 5934 2974 4000 1364 814 3372 4233 32 4178 4377 4860 756 1431 5399 6165 185 3298 3199 3683 772 6602 3234 3111 5700 4266 4361 1324 4877 1388 3774 5022 810 6698 3850 2401 5978 5907 4510 3988 4652 3580 6036 5704 3901 360 4060 567 1044 3430 4321 746 1437 3036 6436 4647 6446 6641 3218 5674 2718 2599 2012 6489 224 886 4993 5737 4817 4960 2191 4600 372 2665 5915 6704 6747 2348 6761 3951 5586 1239 754 1016 491 5601 147 857 2879 644 5449 6961 417 4968 4454 3231 5330 1676 4815 2767 1965 6088 66 1399 302 2705 2224 3964 2992 2795 5366 4792 6022 1203 1327 844 6305 3906 2908 115 6099 4558 719 5498 1540 209 6097 657 1386 728 6418 3393 3788 1094 2778 214 1202 3060 3146 6038 627 4057 2134 6883 1792 4580 3860 2009 5770 1418 3928 2182 2568 318 654 2807 1685 1807 1597 4940 6355 6110 4773 6051 2949 4425 6739 6784 4543 3454 2012 2682 4303 2528 5917 712 2563 2852 3564 3376 6323 5481 5505 549 5744 4230 4012 1114 4558 257 660 3988 6741 6975 4762 5065 6821 6999 2609 4172 1136 2330 233 4914 214 569 1821 1105 4608 5616 5434 2410 5309 1080 623 3975 1039 2886 1054 3835 6061 2570 6528 6704 5391 3891 6035 3393 2945 6181 739 5905 3762 4521 1707 5603 4753 5630 2444 2351 6812 3689 3053 4199 3520 5911 6652 3590 6981 3439 6884 6743 1649 3892 2384 5613 4469 3269 3263 1608 2669 4716 3439 3345 6430 883 561 5798 4904 2783 1865 6196 5758 4352 2203 824 4594 4497 759 4580 5543 4979 4881 5184 6162 1922 3969 3305 6027 1539 1913 1818 1495 1752 2190 6550 2149 913 3350 1830 2538 3451 6113 4905 6215 3511 3875 3096 4190 3843 4027 5688 2240 3951 1424 718 3557 2469 5470 98 1200 3740 2499 457 560 5328 6178 1000 1164 1016 535 5601 332 1217 5103 965 1493 4898 493 92 2564 460 2785 1349 6130 1696 3384 655 1338 3851 754 1567 6674 250 5429 3836 3437 1571 6048 2241 1617 4204 2010 1265 6965 1701 909 768 6400 4534 3861 1014 3705 5643 3142 5351 4356 1334 5960 590 6681 5326 1858 6276 2982 4341 5382 5357 5152 4797 3751 4066 5673 1364 5800 3121 6285 1146 4146 4535 5372 5997 2391 5999 4819 6489 5397 6441 2328 6401 1155 6402 4927 3996 6305 166 2054 1841 5549 2347 6379 4048 778 4512 5148 6470 2757 2752 4626 1588 2805 3464 2433 5987 406 2639 5699 2092 1047 5506 5243 3861 1186 5712 1640 5356 3792 4265 1858 3736 6744 6107 3331 3289 2033 5191 1782 6713 473 1578 5575 413 2760 3128 1120 2908 6747 4624 4361 1492 1053 2574 2204 3014 5915 974 730 1865 5903 1773 3662 844 6819 2528 893 4479 5432 3383 4126 2162 3787 2073 2284 2083 2995 1467 2558 3706 1094 5581 860 5256 3414 6952 887 354 2888 1695 938 858 2356 4840 2074 3843 4079 5976 2291 6397 475 4391 5962 4447 2602 5731 6182 2408 5816 5147 447 6340 4033 1259 4184 4741 1864 171 5927 5041 5510 2307 5761 5704 4413 3397 6948 700 2837 4924 6783 764 1973 5227 6308 6350 337 1343 1558 5435 1125 3625 6730 375 3782 4277 5031 6401 5512 1606 2367 3069 3359 3800 1721 6918 4459 2587 5345 6453 4658 2858 4833 2655 1328 4908 4761 3417 1760 6281 3534 1555 622 1478 4160 4218 4401 1601 4540 1085 4411 5825 5616 2565 2456 1564 4293 917 5578 2839 6216 3685 234 4592 698 5748 5963 6972 5298 4969 3634 5605 5090 3301 5296 5326 1150 5245 5731 2483 1481 311 2211 6493 176 5353 6585 406 4189 5837 5664 3190 6224 440 1012 4145 6113 6571 2651 2655 1939 4567 3991 5763 4252 5784 3596 1190 6264 3074 5090 6312 4814 3387 1133 143 4871 4105 4057 844 6821 4358 2002 449 4128 6724 6089 290 6997 1208 4747 2659 4719 3587 1084 6829 3217 5190 1471 2244 1406 2099 4841 1021 5054 3428 3163 4632 6045 462 5852 2408 6407 5810 5330 4499 2119 6082 4612 1402 5129 6428 3700 3469 6276 5996 1249 6076 987 5455 287 421 3536 266 6771 6723 604 1081 5950 2218 779 3555 4521 2378 4647 5714 539 5615 5676 2578 6811 6560 550 505 6352 5699 4078 3849 4297 5124 42 1261 6264 2876 2133 6667 5894 2093 3877 1974 3338 3978 1168 1247 5553 2869 3641 5911 491 3752 4196 794 2437 660 453 414 4618 1050 3601 5834 1893 5466 4914 1959 3078 6878 2995 6107 4342 5882 6222 4685 3581 867 6328 5320 3340 2161 1324 3118 6142 2577 4245 2720 1293 4983 125 5513 5837 4324 6536 4894 5366 5297 1599 4388 4588 6804 3833 2934 3949 5828 3572 3907 43 6044 1230 5671 3837 3796 4759 5485 6405 3554 2004 3542 3529 316 2904 3126 5694 3870 1025 3917 2481 101 872 6153 1521 4525 1242 3830 3247 6341 3272 5930 688 5708 1804 3117 3508 6525 3262 2878 3477 3183 3334 6614 1827 4778 1104 2244 2984 6839 164 5077 3354 6396 3546 1408 5129 1570 6865 2955 5268 1949 37 5052 1234 6821 802 3264 294 3106 154 1788 6369 465 4580 2841 6139 3427 3473 6106 4777 2465 1865 5668 6593 6092 6226 2764 1987 391 1232 6684 2315 2003 2909 6393 6866 338 2200 4140 878 6383 3732 2261 3170 595 4194 2960 6196 327 6014 6354 6736 3784 928 846 6437 3590 4314 394 159 778 1568 127 3855 4666 3341 4374 6923 1711 3176 2943 1122 2225 496 1447 3171 2089 873 897 2794 1849 4479 302 548 615 264 4180 187 4931 1903 4623 6251 571 5120 4065 1442 2435 3893 6215 994 5674 6665 4873 3262 4502 3755 5121 142 5355 5187 3555 6073 3251 6825 308 5393 823 4055 5590 2465 4302 1570 3282 3010 1004 390 4771 1766 6690 6567 1297 6284 6033 5059 5826 5339 5436 6554 4341 5991 6923 6218 2433 491 4676 4582 3467 3187 2271 27 929 995 3993 5487 801 6333 4619 6883 4521 6812 6445 6736 1967 5270 3938 5925 5214 2163 6275 4880 6268 1331 950 3511 4795 5138 4025 3725 1197 2034 6833 3039 4108 3328 5388 2599 2988 905 2034 2313 6303 772 4954 1985 6509 3240 4191 4636 6865 3044 5503 5978 4788 327 3519 5966 4497 1203 3315 1119 536 1981 1841 6668 2150 2624 2480 3718 6083 1993 4472 1153 2071 6512 5177 3545 5808 5310 4565 5393 4973 5864 3376 6996 1485 2195 2385 5557 3830 5519 778 2238 3160 6584 3248 4318 3913 6513 3461 6066 823 2688 6632 6034 6086 5444 2675 4271 1735 412 5513 6523 6955 2529 664 6266 6822 1515 5695 1425 6681 3744 3708 3177 3760 3777 4316 4173 3992 760 5531 755 2685 35 2183 2408 1083 145 5105 3691 1685 4829 4552 901 3023 4602 3179 4267 4653 1243 3204 347 5239 3940 1529 5754 3111 6510 6404 4946 2739 1222 4881 6716 3940 3445 2628 6089 1866 6854 3009 5993 4252 5966 4381 3396 2997 4850 6813 3479 292 6421 6517 2737 868 6586 6527 1477 3612 2991 3023 4829 4405 3656 3013 1967 1202 469 3247 1857 5694 1570 4056 6867 4032 4091 5041 1851 6435 5926 6963 6302 1430 162 535 6279 5791 5462 5205 3271 3628 1775 396 2080 6402 1468 2879 6822 4418 3561 22 2579 4058 2013 1395 6861 3812 4657 5410 2313 1023 6737 1662 1983 76 3525 3661 1087 698 2129 1785 2609 967 872 2928 5219 6527 37 4118 4595 3314 5223 6890 4264 1055 957 3868 4562 5314 3287 764 3176 4896 3150 4197 1460 2505 3227 3571 4644 6080 3643 1577 842 500 1887 5024 1201 2138 2591 4174 3386 3229 6928 5682 6352 2880 1301 4221 6020 6058 5891 3007 1279 5310 4475 1409 2659 2121 6658 6276 1613 4972 3479 3470 2989 3814 3879 4913 1977 6818 873 3999 4229 3966 4795 2680 4783 2861 1385 2890 1070 1941 2782 73 4007 5743 1147 6950 3390 6107 2905 99 5801 3320 5034 1783 5956 1121 3023 682 2260 6320 5534 1165 5553 1468 5617 5374 2244 4543 3648 6043 1264 6514 3645 1893 2445 848 4140 2537 4833 3179 5404 775 4323 2573 2050 808 3187 3752 5961 2232 4910 2184 3978 374 1883 5861 2148 3218 5374 679 6057 4333 6917 6814 3230 682 5362 4471 6526 5546 1707 4848 2959 3498 5841 6913 3731 2091 3916 6867 456 1516 6232 3649 3402 4863 327 5927 3561 2385 1562 1563 3053 1979 164 4860 625 4194 1054 1695 1822 5890 1838 1287 322 729 143 4604 2172 4926 3670 4755 3420 258 833 6925 5200 2715 390 1080 5952 4445 991 1799 5872 226 1902 1565 4876 2766 548 3351 318 4442 4776 3559 3685 5132 506 4304 4826 6270 5903 2403 1717 5998 3775 1165 2160 3395 4298 1424 1151 4978 4870 2526 0 4628 4603 664 4966 1789 2625 3835 5946 4084 556 6584 856 956 4814 5376 2631 110 5884 6266 81 4451 1578 4414 6082 5477 5375 1456 979 2278 4373 1020 5484 5551 2635 6131 4975 3184 5091 4059 2928 6611 3210 5004 3992 3948 639 4349 2533 6109 2172 1994 2447 86 6671 4394 3507 3043 47 2379 1621 1491 6785 1091 1908 4188 6914 5717 60 5701 1246 25 5192 4712 650 1416 1929 6839 3120 4137 6159 543 2775 2765 1207 3114 5768 3694 3571 1644 1384 258 5968 5928 6035 2199 4252 6306 6606 5804 3625 677 5492 3806 6744 1529 606 590 1122 2201 3807 6831 1164 2803 2318 3274 6123 5975 2051 1505 5159 5256 3552 3422 6557 575 6296 401 6796 4615 4592 1373 3110 5208 6574 884 3758 3784 5585 6663 845 1689 2122 480 1794 2337 1914 2046 6425 811 958 6330 2530 6925 3118 1154 6749 131 5154 5067 5284 1647 1349 6061 3885 2458 6386 6840 4720 376 2244 1 3800 2685 3142 2494 3776 1624 6248 6985 4050 6167 4105 3219 2736 4726 1248 4187 5876 6299 6458 6136 6030 2210 2762 6090 6556 1097 1731 5151 6421 5961 2342 238 6930 5136 6072 4452 1381 6970 6790 3178 896 261 6946 4018 5220 2059 6637 6918 468 3808 6952 3549 3738 6072 6691 1857 6604 4650 6552 2693 5220 2191 1596 2937 4073 206 3436 1843 2913 2715 418 4883 5179 674 907 6412 4915 4119 2871 5077 4855 3388 4609 3194 98 153 2015 4337 6705 6440 4983 2557 4982 4785 4774 726 1491 393 5415 188 1760 498 6375 30 6801 2556 908 5881 266 1293 2313 5282 5451 2937 920 2962 5833 389 3246 6492 6576 3917 1934 6924 4931 4168 1682 847 2287 952 1810 6538 2423 717 6956 5478 84 3601 1600 98 3900 384 1761 4775 1395 3496 6715 2274 5481 2155 1251 1011 3510 3714 120 358 2135 4422 4075 381 2221 6971 1741 5014 6380 4974 6048 791 1115 6396 1882 6798 4534 457 3758 2330 713 4858 3988 1526 4502 5710 3951 6590 6344 2825 1407 2547 3808 5396 6131 5902 2748 5812 548 6221 4538 3299 3659 4086 3430 2246 88 1125 5324 825 6179 3101 5126 3132 4630 5233 6938 6727 3293 2763 1928 1285 2979 1999 313 5437 6549 1195 5494 504 3251 3961 5398 3647 4621 2013 182 4481 365 48 1529 2871 1542 2245 342 4269 6119 6888 2262 3048 2558 6316 198 1206 3754 931 2238 4872 2391 776 3952 6936 2563 6297 6514 3828 2449 6706 460 6519 3627 6203 6165 3395 692 5668 2932 2727 2252 5850 4122 495 6418 6498 1949 1382 3484 4120 5738 4131 119 38 1129 6479 1920 2499 385 6240 2655 2985 2199 3455 6143 5044 6405 6699 219 2651 4136 6302 2059 2266 1609 1448 4782 6963 5371 367 595 4789 136 56 291 3707 4184 1426 4792 3838 5612 4043 6569 3163 1998 3341 3542 6790 3855 1302 1405 5410 3342 5136 5704 3720 3698 393 3443 5210 4160 1264 1822 1789 6122 2007 5296 1212 6940 1415 4860 3917 5099 4131 660 2561 4147 6312 332 4378 1762 4410 1863 6972 4708 399 2243 6469 3033 1821 2803 4043 2865 2353 2881 6282 6154 4699 3826 3692 2047 3656 783 3641 6850 5914 3797 5158 1675 4743 1346 1930 1751 3232 2290 6330 1851 3132 5838 2467 2608 2816 1620 5676 1664 5646 2757 4574 5271 1868 5352 5473 5321 3839 3861 4233 343 4754 717 1069 3500 5474 6574 1054 142 639 1674 5071 3311 2042 6551 1978 1027 3629 1509 5343 374 278 3580 4470 4432 608 3627 2873 4974 2541 2622 6285 1335 6484 5880 803 4309 2753 5681 5726 563 2873 49 5162 6459 3798 421 6591 6413 551 3193 6469 2390 705 3120 3597 2366 3549 3002 5259 64 5008 3462 4072 600 1927 5789 1520 1344 6334 1029 808 6273 5485 3259 2626 4057 5791 6987 467 4151 294 4806 3078 2224 6035 1124 5386 4689 4851 4965 4600 2490 1690 3199 3166 137 616 65 5803 2430 2719 1918 665 3761 313 2839 4291 2775 2786 3770 2944 6166 6163 1722 6931 2001 1385 4516 2066 2863 4388 48 3257 518 2170 6004 3451 3454 288 3554 2884 4090 277 2885 4572 2876 1587 1945 2685 2768 592 3002 6120 4206 2083 4507 4624 4078 5610 6493 3155 2841 3422 4736 1949 4903 5986 6291 2864 4904 6766 6138 6475 64 6782 755 80 2105 4742 3051 4269 6312 4222 1097 6696 5355 3535 858 3101 2397 2441 3425 4721 5708 4624 3007 4541 2883 5235 4669 898 3650 6374 2236 4724 5632 1258 664 1222 5055 6239 165 4457 5909 6531 2375 1518 432 1472 3284 6492 3180 3097 2368 379 3734 3374 254 6398 5931 4910 3243 2457 4219 5968 4879 2911 6348 5900 238 3004 1469 175 6454 6632 707 2891 1593 5896 1966 1007 3345 5613 3331 1647 4706 3062 2174 1356 2345 5828 3125 4784 3778 5081 1176 5446 6305 5843 2355 681 6225 6136 3545 3495 6674 2084 3644 5358 4230 2318 3091 6830 6780 2947 3603 6474 6261 583 5029 4269 6491 1512 422 5650 447 2139 1117 806 2535 4021 4479 4382 6011 4790 403 5236 5080 2172 5907 2213 373 507 5973 6117 3017 11 3813 2034 5233 6875 562 4381 2415 5097 959 239 2740 1773 6073 118 1398 4984 2788 5634 1283 6636 1543 3402 3065 1893 233 3764 2462 3468 3234 1312 5895 1011 2997 1441 4942 380 1037 352 2502 2050 752 2403 6723 1302 626 4780 6258 2964 3028 4654 43 5293 1792 987 1368 1152 4428 5020 2447 3057 5785 1083 1400 4336 3447 4118 296 4208 1758 3144 3497 297 6124 1540 2912 3011 6676 2450 2865 5121 4968 5289 2806 5120 3231 1424 717 5782 4489 102 2320 2467 5011 4118 816 1494 1304 4743 1435 304 5680 6059 5855 1281 3504 3400 86 2325 2326 5065 2541 3175 4071 2958 4212 4669 6074 91 5627 2614 4208 5471 4134 808 4744 1133 4936 2644 852 5281 423 3923 3397 1630 2332 6724 873 915 5846 1324 510 275 6653 2264 6145 3165 4598 2099 4809 3326 664 5704 682 5204 4521 1228 5281 2842 1976 3601 6640 5814 274 502 2428 1577 1664 6638 495 5705 5935 989 3331 2996 853 3117 1935 6032 4117 2954 1302 245 5024 2913 2611 1019 6772 6479 161 3341 3802 3115 2074 5721 5234 468 1962 4110 6709 5640 1451 2741 3964 6213 1903 1518 5223 4294 2749 4979 6126 5566 6722 2055 3441 3734 85 6739 5668 4101 2330 4338 5255 3063 4924 5402 383 6823 2070 5285 2780 2513 1336 6660 3672 1736 4345 3653 5987 2717 4336 6376 6171 4719 2717 4650 5577 4451 2075 4661 3652 6275 6226 1455 3167 1450 3267 3440 4208 4877 2384 4902 6651 443 64 5664 6930 4410 1384 3004 6259 5723 2764 1012 4253 6542 4549 1953 6414 3718 2115 542 6361 2817 1044 175 210 1732 6504 4835 6038 1030 5372 4497 5693 3455 6517 6080 309 5413 5091 1466 6476 5515 696 6032 3516 1311 6386 4212 6492 3531 1499 1897 3687 197 5576 1061 6829 6311 1792 1755 5525 539 1409 2966 744 4524 3744 4158 6127 2923 3343 857 4570 1753 6234 2703 5142 2005 5526 1679 15 3073 2175 1677 2547 4307 6626 796 2315 949 676 2329 5718 109 142 6146 2604 6416 5322 3931 3143 545 4976 4992 3322 3338 5221 4603 3661 2244 2185 385 1138 2776 4544 1502 6373 6486 5363 5849 1312 2693 1456 114 1889 5232 3716 2842 1600 5918 3784 3471 5735 6728 4573 2452 3337 2208 4764 5166 4138 76 2582 3022 5580 1864 5674 1543 2364 6283 4685 404 4420 2416 1412 4927 5703 3900 5415 6391 3750 6863 5597 3296 1348 3542 34 2177 2790 5048 6440 6524 2557 4773 2312 5572 4836 6222 1089 2252 4995 4949 5036 6417 36 3637 6780 124 6492 6214 5918 3567 1261 3729 3989 5097 6851 6654 6397 389 3077 1884 50 4126 5869 6862 5027 519 1445 4222 5446 1130 5977 1874 6974 1644 5767 651 351 5946 6437 6361 6106 2330 4822 2074 2906 2392 1980 3909 5715 2854 2027 1556 4154 1979 2087 5519 1645 358 1383 1733 2221 3264 5668 5617 588 6527 3606 3788 3932 2074 5086 5550 6167 6516 1495 197 5523 2017 5976 3088 4569 4577 5669 5100 6915 3336 1112 2119 5932 5708 2077 1544 4262 1120 2003 1783 4893 2377 6826 1242 4685 575 4836 434 2457 557 3229 3616 5119 959 4443 2531 707 1033 5644 109 3134 4077 3400 1283 2841 2346 889 6591 6900 461 2133 2162 5570 2627 1617 6222 2938 2320 2030 4955 3030 3727 1132 5695 4570 3846 504 1751 3270 5115 6472 4904 889 2854 1020 5458 606 3811 1733 3367 6459 324 197 3092 1736 4453 6270 6546 2889 567 2131 1156 712 1638 5527 4969 1875 711 764 2056 1851 5767 5014 6717 297 338 6450 1345 5043 928 2005 6787 4409 2259 6547 1167 6776 1934 3273 2862 3341 5888 5583 5136 3338 358 3378 5765 5966 4121 4523 3443 669 5539 4320 1030 15 3726 6851 3770 2837 4075 5770 2858 4204 6976 3468 2467 4395 3728 1295 2634 1859 1667 3742 5369 3825 964 873 6198 1286 5556 3628 5075 3887 2247 6438 1261 2208 5581 4165 3639 4749 3269 6264 1471 4325 4642 1629 6511 3740 2044 739 422 1054 816 3624 3070 257 3368 4832 2307 2660 317 327 330 5089 6689 4942 6298 1313 2847 6774 678 3506 2927 3903 1509 5916 567 760 3157 3196 3138 3393 6372 5958 3768 6548 4113 917 712 1900 6704 4002 3407 4097 471 1578 2735 4746 1505 2076 4878 1720 4096 74 2661 1102 3160 6790 3124 5571 1550 563 886 196 5461 3011 3981 1380 3743 3509 3947 3066 3672 6080 3076 4964 6300 6009 1369 2148 6310 6932 2729 4587 4089 1816 3408 2004 3848 6176 1686 301 3659 2159 914 3084 6441 993 4142 2585 75 5391 2260 4863 1071 5837 4023 5636 4591 880 2551 5836 525 2111 3674 2466 959 6240 1110 4102 1707 64 507 2391 2535 3099 3174 3834 2567 4501 5174 5568 3299 5042 2187 2265 574 783 246 5020 923 4624 5218 3969 6942 4219 4920 2888 3832 2011 4920 2687 5010 6933 3314 2808 4128 541 4800 645 6722 1979 1904 5890 2342 2404 155 6252 631 295 879 2600 3616 2017 2673 6158 843 3592 5997 3317 1756 1241 5539 2781 1833 6002 630 4442 3300 4824 6240 2887 5683 4155 1738 6340 2075 2866 6202 2236 3786 3082 5515 3402 5641 3450 3798 3421 672 3371 161 3245 5343 6490 6639 224 1159 2496 4762 5481 6230 3598 505 3083 918 3010 20 5005 4159 206 5963 80 894 6163 1076 6023 4987 1028 316 2953 527 6119 6890 5151 4516 308 4645 6993 3471 5565 5697 5810 6789 3084 5022 5188 5673 274 868 6122 4246 380 5155 4089 4761 832 5683 3498 1269 5767 29 1156 1402 1893 6300 4073 863 5046 5952 821 6213 192 5672 3115 6797 3424 4381 5824 1321 4702 5930 3125 690 943 5782 906 6188 2224 6335 1567 2816 4669 2676 5255 6875 1289 3172 2860 5891 4179 3314 902 5480 3075 2307 6133 3018 5945 2438 3945 1748 329 56 6013 5010 4675 4808 5167 6338 5594 4596 1428 6592 4712 3729 3330 4100 3436 479 2349 4121 251 4270 5756 2106 2308 1260 858 4428 4389 3767 6661 1841 6495 6397 2026 5755 2112 705 6771 2791 1751 3425 4690 6669 3317 2500 5924 5795 3858 5270 2641 2106 5206 1047 308 3628 1340 3491 1956 3729 3510 960 6096 4488 4506 4475 3463 5241 4571 4601 6280 2887 2238 2870 3726 5224 2006 4674 4645 4095 1961 2337 210 6286 6124 730 1525 264 4022 114 1345 4270 5089 5545 4455 6736 4513 4242 2359 2223 2290 2631 671 4216 1634 5712 1226 986 2399 3972 6076 2611 636 6496 1181 5350 4327 4004 721 6080 2741 529 1561 2274 5965 4767 3962 995 6764 599 1723 5098 6713 795 2739 4592 5086 4576 2934 2327 5547 1456 6855 287 4192 4700 3697 1118 3682 6947 4383 935 382 3016 6174 2566 1109 490 2361 6059 1066 2207 6389 20 1980 4259 5020 5809 687 772 2492 4250 2951 3698 4774 5872 4567 4190 2676 4618 4288 1232 5199 4557 6041 2060 2339 1087 6471 3298 144 3144 6849 333 6078 4182 124 2228 1366 6504 182 3097 6566 5166 1688 2283 413 3290 1401 4411 595 2873 1714 1498 4906 2909 5743 2798 4254 733 6599 5368 4704 4361 3163 2147 2152 5534 2365 5959 3232 25 6026 3221 6865 4125 4855 6076 4530 6748 1981 4663 5063 3583 6949 6966 1207 4618 4832 5603 2997 2403 3546 6566 6915 6418 3807 3348 1872 2438 4463 3070 5736 690 2872 2264 4023 701 6690 3108 1345 4734 2238 2455 1271 6290 3305 937 756 4054 364 4821 2806 6986 5828 4700 1116 6219 1018 1277 5862 1398 6517 4534 4696 528 4516 3452 1716 6787 713 672 1729 4332 302 6817 3356 2414 1615 6163 3496 6456 5561 4460 6247 836 2012 1424 5456 551 244 1505 5241 1183 762 4896 5440 2852 3861 501 3515 1425 4815 6322 6818 6492 6461 3454 1249 6308 624 733 6446 742 5641 6772 1307 1332 128 2740 2975 4928 3124 6251 1653 2509 3700 6886 700 3528 6655 5087 649 6032 554 585 5066 4357 6742 6980 1006 4522 4882 6988 2925 2366 3698 3057 3257 5588 3202 3704 2374 2391 3611 954 5260 6100 4445 3311 666 2489 3302 1329 4139 5008 5328 6679 128 2887 4213 5643 6422 234 2962 919 1421 4589 6876 146 1008 3961 5693 1298 5405 1488 2240 3162 5966 2765 4505 2868 1289 3359 127 6333 5853 3762 4466 4979 324 3685 1963 5095 4433 1838 2956 5114 1687 2473 5340 2687 5685 5665 2878 3670 2310 394 2277 97 5483 4215 2901 1191 5703 5131 3356 4132 345 4652 1842 3005 4212 6654 4418 5901 1011 6552 2500 5014 5343 273 1230 2159 5596 2692 5005 3119 6861 1104 4069 3105 1155 5614 5514 330 1906 4742 5604 6869 2506 3103 5825 3287 5189 3980 3911 2515 3944 3703 1699 5167 2140 5369 2390 1929 4518 5364 5428 3292 3517 3504 3579 4545 231 957 1732 447 3528 5529 1599 1663 6129 3773 6370 5423 2009 5170 2817 3651 1848 6278 3420 74 5826 5876 1066 6517 943 2107 1832 4242 950 5518 3983 2079 4811 1410 5906 1089 4440 4808 2107 1999 324 6221 3009 5788 5845 1750 1175 3574 4980 4219 1972 5523 6809 542 5233 3561 3174 1738 6103 5322 4657 6470 2801 2526 1345 634 3077 1952 3088 4122 2785 3105 2489 3313 3036 3393 5673 2880 4608 6749 4985 5437 5687 3418 3921 6587 2099 1150 2183 6506 3140 6385 2257 2331 5554 4090 4067 389 6672 2624 253 5164 5676 1429 6341 6901 3811 2349 152 718 5441 669 3383 4077 1135 2550 6116 6310 4082 3725 3163 6400 3115 5141 5564 3689 2994 2800 3492 3911 1958 6298 4012 4626 3816 3936 3800 4290 679 2071 2571 3015 3886 5735 3123 3904 3234 5955 465 3932 5782 1006 818 770 4946 1043 1487 1014 4318 2384 5433 6147 3440 2663 1410 2290 5183 1623 3002 1381 2835 3243 2984 1766 6577 4022 519 1396 803 5321 5703 5579 4737 1318 1298 6607 4576 5320 377 5781 4708 2596 1918 3152 5911 584 1932 3849 4381 5107 4852 2495 2344 2238 567 671 5332 865 6144 965 2557 5675 4950 773 2954 23 6685 5649 4583 5971 4674 6500 2086 408 6129 2426 4464 4406 2808 3298 5255 491 5011 2034 3803 5990 1844 206 2864 2736 3574 1655 4595 6247 461 3250 1509 5887 4852 2649 304 2564 5835 4174 1196 6899 5016 6673 6984 5567 4548 6798 5462 4013 6544 6855 457 6098 5856 860 5422 2569 4504 4993 6857 3474 504 826 3637 5928 727 4696 2125 1963 4847 122 2882 5788 988 3163 3826 3127 2239 5595 3148 2077 5783 6290 4003 65 2948 993 164 1350 2916 4203 4532 175 1704 4479 5153 1101 3171 5808 4252 2892 333 4738 6830 1384 2246 5968 2907 3891 4067 6581 473 5622 5026 4972 577 6675 875 2705 2383 2755 6004 2339 1568 5804 3848 1595 3987 2661 3126 966 3781 6352 5197 3115 5459 6963 3024 2006 2961 5252 2222 2193 1760 3700 1690 1811 2758 3983 1687 3794 4001 3949 1706 3133 6700 1172 3609 746 1359 5555 444 1374 5801 5932 5565 2393 5623 5121 188 6474 325 3172 6592 4704 6070 2612 6486 5749 5089 5459 553 6886 125 1569 5900 6213 2062 4044 4669 1708 2903 3098 4120 4878 6460 6028 6472 2470 580 805 158 1987 829 1696 3992 1764 4993 5678 5687 5108 2890 4538 5273 3435 2841 6518 549 4125 3317 5520 3657 2114 3421 1553 5054 3141 2875 1480 2672 339 6952 3659 2565 1561 5526 6968 6086 5584 4014 2588 1192 4667 6644 4929 796 5526 662 3445 2769 3583 3648 6539 6344 5408 791 1308 2690 2137 3207 165 4620 3986 1738 1930 1441 1738 3237 4983 1159 5570 3794 3819 2670 534 246 6921 4828 4963 2045 3005 5098 2521 125 5850 3396 1360 4269 5628 1771 5630 5536 552 6145 6361 4863 135 6726 3506 3682 2621 3862 2825 6912 4267 5284 4784 1161 2618 163 6730 5035 6344 6235 1322 2292 6571 3092 1464 6380 381 5246 2986 4584 3035 107 447 3582 5739 6156 5866 4633 6181 1863 6688 4381 4556 4604 1795 1942 5641 3018 2848 1928 3258 3044 3223 4261 6265 3891 5458 4121 651 2417 4682 6124 2281 469 3976 5284 3581 3102 4000 6834 5222 2169 5800 2406 749 4046 6654 3082 5474 6453 517 3292 1149 5070 903 4274 6616 6225 1460 3728 3759 6131 3886 4226 357 4723 6510 420 714 494 333 4363 1055 250 6551 4032 2037 3057 5614 6380 6822 642 5204 3141 5550 4502 5122 6050 2339 1635 5354 3693 714 321 4327 1116 476 1092 5988 2 4874 752 2275 5271 5453 4500 5603 3822 843 5786 1567 6475 354 677 2080 1971 5963 3092 4277 5830 329 2105 694 6348 1423 4236 930 5932 3317 4072 4861 6165 5879 2844 1730 5378 5799 1761 3741 1274 862 5611 2788 934 1036 5551 1081 2306 3425 3843 1154 2150 5065 300 4954 609 959 3438 2997 5340 6920 6934 1568 6668 4034 5976 3992 1499 1936 813 4263 2927 737 4994 628 5376 6132 6389 4579 1725 2513 3197 1078 1208 2029 2281 5196 4486 2576 3914 2546 2109 4687 5843 6125 1701 2074 54 823 4198 4127 5847 3752 6676 5304 773 2085 5675 1771 2336 2216 5920 3140 4998 2162 5935 6036 4863 956 5756 6925 4750 6689 5265 3869 3207 160 3044 4392 3592 2070 6472 6219 1098 6660 5586 3331 1085 3159 3180 2660 954 1635 6023 1400 1670 2180 1908 561 2349 3747 2383 470 5764 1888 1435 3721 759 6014 2074 3938 6784 3353 1971 6768 3620 5223 585 4131 4378 925 4471 3950 763 3048 5856 2139 2969 4407 5034 4682 1212 4358 1757 6121 3151 5332 1295 3966 1843 6857 4209 6329 4529 3219 99 2604 6458 3796 2345 93 372 1056 6808 3179 5507 5401 256 6592 4437 3176 5570 1263 1761 4988 585 3230 6539 3622 723 807 4310 6867 6902 6254 5867 5733 2340 4981 458 505 5938 6699 3363 6805 6840 6239 2620 843 3867 3499 5108 5201 6318 1998 4968 1536 4501 5796 2065 26 3933 6014 6350 5218 240 1116 1931 6363 6581 5296 4805 6077 4 3706 5333 2740 1829 1935 5490 2575 6398 1704 4780 1768 2804 5022 5452 1956 635 4613 448 2841 1486 5154 5536 975 289 6120 6398 1277 3442 3521 1638 6023 3906 6349 3665 475 5746 6437 1918 3491 6254 208 5292 4149 1991 2166 2236 957 2759 5391 682 3865 1755 345 826 3218 6197 2095 2017 3523 1543 4479 3380 2717 3659 1944 229 3706 6621 2079 5871 4615 6486 5780 2810 349 5429 5879 1271 1367 5831 2925 6359 3122 3911 6161 2393 5466 1426 1251 1162 2515 5840 2325 1068 1002 4323 5301 3702 2429 6555 5043 4124 4736 4109 1907 4151 4932 4934 2056 3560 5179 1403 239 2489 998 2755 6249 5908 2654 6199 5650 5281 729 3779 6686 2139 2530 1275 2983 1130 2451 38 2169 2572 5632 1277 3899 4532 4700 6041 2526 4836 3739 6552 6051 1476 1695 4802 6677 2001 4366 4217 5974 846 1684 6828 735 4095 470 1528 3575 67 1226 4294 4662 4647 6174 3582 1466 2397 6013 979 2526 737 1311 1190 1538 2278 226 589 1331 545 2722 6624 1314 6331 1243 6832 972 2785 1985 3543 5916 1981 3326 5319 647 443 1568 5041 2291 3877 6867 6405 4316 4270 5782 5546 3311 5532 6706 6561 2838 1922 2141 4554 1772 127 4911 231 5395 6620 1295 3178 585 4143 3141 2694 4612 479 3028 2996 902 4428 2350 403 1003 6988 6617 5659 1561 6809 4354 1646 1928 2000 31 5235 530 5125 567 4158 6711 3541 3908 2400 6599 1956 5658 2492 5784 2933 1397 3131 4712 1177 3074 6298 2980 2822 1805 5646 3040 6825 3807 4213 5987 960 6979 2045 6409 1418 5831 2581 3208 4398 1257 6707 5805 5010 572 4061 1606 4768 1348 2647 630 2025 414 3992 101 3366 6045 3212 6539 5566 4796 5786 4235 5931 5987 125 5966 6858 1564 4099 1884 5073 942 470 1101 4904 439 3224 2534 4427 4351 756 4656 1264 5613 1039 910 3722 3280 2382 2534 473 5540 5529 2025 6426 4632 235 4269 3452 6335 377 5712 5658 4256 5237 182 632 5560 3409 901 5502 3556 1398 6820 1580 5912 2989 226 4309 3788 6313 1540 3928 4620 1372 2850 1838 1094 5783 2200 6624 3315 4973 4774 2725 5008 4099 3356 5641 4732 2806 3585 132 1017 1486 5518 429 5038 2772 3496 4272 2658 2071 4188 5270 1703 797 610 4358 1547 1564 4687 2902 62 6701 2582 540 4322 6810 5632 1012 2958 182 4339 6769 4030 6318 677 2357 2358 4840 4935 6657 1294 640 1423 6827 2049 5970 2269 3406 4376 3595 4112 2982 4371 4447 1987 6390 2807 539 2466 835 5865 6556 3474 1517 6625 4816 6861 553 1167 393 5658 4977 405 1048 2789 1232 3992 4289 407 4845 3328 6845 5054 1722 6717 1204 96 1924 6266 510 48 4220 6322 2871 4869 486 2966 260 6418 2309 2154 2217 5404 1678 4527 3931 5104 6918 361 5243 6142 6602 6260 704 223 5904 4490 3669 3599 5246 1653 3330 5123 5020 48 370 140 577 557 6710 5598 5150 2214 6159 599 526 2321 2765 2801 4494 1761 5271 768 2986 1238 3258 5644 3146 4785 5321 3191 4453 4094 169 5274 5165 6946 1214 1186 6876 1864 5740 2127 3971 3496 5653 5606 1397 5765 1975 552 5334 5698 3309 1312 3565 6910 6524 3583 4798 4284 5094 315 1026 4745 6385 3330 1382 4561 5949 6588 6790 1422 4330 4197 2452 1129 2492 6524 4615 279 5233 1898 5829 6121 694 2009 4979 885 5005 3475 3657 1944 6818 5721 1312 1862 3919 5990 6075 4525 3073 1908 6179 5519 5876 5358 5940 747 3480 1148 4240 5942 5067 4428 4904 6027 3209 543 5783 4885 2097 5288 672 6512 1528 1629 5712 6413 2766 5142 810 1416 2005 3578 832 2118 5577 1576 4599 807 4245 925 6914 6976 39 653 5931 1988 2830 4550 1473 580 5580 1790 2470 5870 5127 3417 3900 5149 648 883 4072 2331 6414 625 340 3959 4743 2427 4286 3343 5217 5212 4225 2869 2285 1174 1435 4798 6685 5595 1868 5683 1096 2235 4298 4247 4885 6816 3179 174 6760 3542 3585 5418 4584 5057 4595 6741 5740 4736 5624 951 1477 2040 929 6715 3819 3220 6838 6943 3190 6670 1807 6352 4463 1031 4702 3096 5321 1559 2102 2886 1860 3421 331 3735 5316 4575 3784 1501 2693 2502 808 5952 1732 3730 3682 3567 6166 1358 6486 5 2084 6975 895 6720 684 6180 2644 6578 1481 3945 5047 14 1097 3399 6327 3754 1714 2877 3759 1603 3271 5531 2764 4981 623 1784 5486 1135 4642 4534 4446 239 1805 2103 4560 1819 6075 1561 1294 2750 5691 4124 5316 2571 5167 6006 4901 2836 6107 3059 6066 6773 1021 3462 1739 4565 4195 3905 4450 656 3700 4302 6491 5498 4310 5815 704 6712 2858 3592 1421 1955 1944 1765 4374 6561 1472 6618 3189 5926 3508 334 2293 4186 3248 1237 6043 3024 662 1978 6221 5690 191 648 1482 3498 3156 4476 1717 4409 534 1487 3171 5731 6647 2169 528 3986 419 1352 3459 6451 2560 217 595 4840 5286 6214 2392 6284 6024 125 1620 2991 5433 1596 4547 4333 6963 1027 190 3547 1927 5629 3337 4258 2264 2639 4685 1016 6720 3247 2490 3272 5949 463 1410 2651 740 6796 6048 4845 980 4067 5337 465 2797 3848 5552 774 3288 5688 6944 6488 858 4571 1454 2852 514 314 1864 6487 5221 4862 6404 4700 3169 6161 6075 2822 4497 725 5727 5764 3738 2507 2481 2918 6019 5763 5847 6428 6058 597 4454 5125 5735 6832 4930 2006 2237 298 6924 608 2825 5578 4667 1825 3736 5862 2455 2238 4953 4457 327 1223 2473 6278 2379 454 3634 3213 5738 1956 3936 5794 1598 4057 4866 1250 1470 5289 952 4519 1389 1511 5281 1519 4458 239 4322 6871 6278 3029 4720 1705 5944 5785 4480 4765 4187 2218 5447 667 924 2603 4933 2414 5565 5264 387 6182 2040 6480 2432 3568 2689 3411 229 98 4948 4381 1465 1929 6223 4311 2394 4931 1834 5934 1502 2233 218 880 1038 2125 6010 3560 3032 5327 6025 6921 3110 5059 511 880 4188 5626 4513 3534 104 1925 6730 6368 3672 223 4700 4168 2896 5289 4539 1354 4342 3105 2484 111 6084 5170 1861 79 1519 3318 2497 4531 6936 645 1945 2836 2758 6193 2161 975 1979 3848 5886 1218 511 2196 3923 2876 4467 3140 6039 4624 4672 6963 4180 990 3247 4877 805 2070 2496 658 5226 1784 1590 1905 221 4887 4313 6078 3093 2885 2542 1509 5472 4279 5621 1237 1825 1807 2631 2539 3535 6287 3213 3783 2816 3802 2289 4 515 4944 2769 6160 2494 2567 5647 3153 3470 5322 2878 2189 701 4229 56 4079 4468 2401 644 2689 2140 4800 4403 4852 363 1127 4379 20 964 4653 5555 5233 4144 2592 3549 1654 277 1454 3581 2120 4871 2847 4861 2214 1353 5951 139 6292 4701 6904 5667 1964 6472 3983 5141 215 1806 1205 2978 2892 3624 6441 5627 1308 5926 2379 2238 1777 4007 2337 5329 1335 787 874 4085 6387 2291 4009 5084 4915 1671 112 5643 3156 6323 2407 4328 5383 1678 297 267 668 2491 2559 4365 6781 3709 6686 4782 4610 2414 2444 482 775 5287 764 1481 5113 2298 1743 3793 199 5882 3928 3732 1868 1753 5854 6003 419 2432 2512 2432 1534 4925 5650 3430 6072 1194 2888 1419 4622 2155 1089 809 4995 6561 3449 4993 3805 1896 6761 6877 365 207 3985 3930 4777 2573 3285 1984 2580 2752 5240 4018 4167 5276 320 2384 1762 6692 2102 4738 4747 6159 5373 5903 2879 6888 3075 2353 6295 5515 968 1381 2513 6536 3272 650 4855 3703 4694 3109 4086 5415 5207 3169 3019 1610 6656 6639 6083 3591 5507 4548 734 5588 525 1057 3615 313 5200 2349 2426 4513 2443 3899 6471 3721 5440 4097 3898 3269 2566 469 5336 1725 885 2838 896 46 3391 3312 5544 5326 1048 6442 1697 3526 3361 4131 177 2363 1815 883 1100 622 674 2215 5937 1825 5092 1381 5028 3126 5105 6552 218 3866 2879 6320 5794 1977 2485 1835 2334 5645 850 2827 2249 1676 2601 588 1634 4788 3192 5598 5459 5132 5565 5679 4446 2324 4822 2894 489 1435 693 6401 5793 1585 2056 1042 6407 1285 1248 5345 4673 6053 3315 6711 1145 5830 4091 655 6820 5753 4710 650 2655 841 3308 5143 828 6510 2274 892 6091 4826 1790 2355 1346 1990 5311 5817 2893 6040 5540 2046 3078 6475 4998 1207 2915 931 6462 6427 34 5993 6080 5146 3153 4940 1522 983 3050 6386 20 5420 3357 1676 4477 5808 1570 1999 5635 5431 2124 3928 543 2156 350 2682 5538 5957 5031 6464 4798 6436 6472 4748 2571 3669 2292 5227 4174 1180 336 4008 5066 2901 6882 4311 3424 1365 4152 3929 4772 1985 1310 6596 1355 1612 6758 5899 6324 831 6154 4224 3816 6489 277 4334 1264 3223 2473 5943 21 1287 6796 5050 2835 480 2054 4759 1121 3431 5167 2391 1740 6840 1279 5548 838 12 1573 5178 2098 5413 3225 118 3709 2970 1409 2438 5615 4629 5101 5999 6524 1017 2116 6240 3134 4031 629 4668 3304 5187 4652 1959 1829 6350 2089 6242 3134 1244 6858 4065 3032 6603 3000 3060 3419 3897 1220 4543 3146 5966 1352 3018 2488 5991 5052 6326 2755 3538 4130 5057 1497 4292 2155 5395 4500 317 4771 717 4293 356 5671 2883 1233 355 22 5694 475 6450 4510 6107 921 3590 6344 638 2663 4167 5222 298 5099 4355 3783 2031 5351 5165 2812 680 2178 5890 2170 1819 6863 750 5257
100 2266 4019 310 5144 4137 1132 5132 5028 2278 5958 6438 5273 795 1583 3239 6976 5978 1274 5555 3897 5367 3963 3397 6841 5035 807 1191 5017 2009 887 1192 3772 135 3051 2604 4369 2728 4607 1399 6556 2840 1463 6859 2254 4550 5978 28 6822 2875 726 4873 2375 671 1145 6720 6507 6131 5066 363 4974 2849 662 3016 3131 2587 3218 837 1182 2711 5812 4437 3665 6139 325 4564 3083 342 3370 1668 5014 638 1297 4102 969 1259 4710 5732 6404 6212 5819 5676 1806 1962 5459 3914 2480 6045 5364 6866 4816
10 0 1 2 3 4 5 6 7 8 9
10 9 8 7 6 5 4 3 2 1 0
10 9 8 7 6 6 4 3 2 1 0
